0 0 0 1 1 1 67 67 67
0 1 1 1 1 1 67 67 67
0 2 2 1 1 1 67 67 67
0 3 3 1 1 1 67 67 67
0 4 4 1 1 1 67 67 67
0 -1 -1 1 1 1 67 67 67
0 -2 -2 1 1 1 67 67 67
0 -3 -3 1 1 1 67 67 67
0 -4 -4 1 1 1 67 67 67
0 -5 -5 1 1 1 67 67 67
0 5 5 1 1 1 39 30 11
0 5 4 1 1 1 39 30 11
0 5 3 1 1 1 39 30 11
0 5 2 1 1 1 39 30 11
0 4 1 1 1 1 39 30 11
0 4 0 1 1 1 39 30 11
0 4 -1 1 1 1 39 30 11
0 -6 -6 1 1 1 39 30 11
0 -5 -6 1 1 1 39 30 11
0 -4 -6 1 1 1 39 30 11
0 -3 -6 1 1 1 39 30 11
0 -2 -5 1 1 1 39 30 11
0 -1 -5 1 1 1 39 30 11
0 0 -5 1 1 1 39 30 11
0 1 -4 1 1 1 106 106 106
0 2 -3 1 1 1 106 106 106
0 3 -2 1 1 1 106 106 106
0 3 -3 1 1 1 148 148 148
0 2 -4 1 1 1 148 148 148
0 4 -3 1 1 1 106 106 106
0 3 -4 1 1 1 106 106 106
0 2 -5 1 1 1 106 106 106
0 3 -5 1 1 1 72 53 21
0 4 -4 1 1 1 72 53 21
0 2 -6 1 1 1 72 53 21
0 1 -6 1 1 1 72 53 21
0 1 -5 1 1 1 103 77 30
0 0 -6 1 1 1 135 102 39
0 -1 -6 1 1 1 103 77 30
0 -2 -6 1 1 1 135 102 39
0 0 -7 1 1 1 72 53 21
0 -1 -7 1 1 1 72 53 21
0 -2 -7 1 1 1 72 53 21
0 -3 -7 1 1 1 135 102 39
0 -4 -7 1 1 1 103 77 30
0 -5 -7 1 1 1 103 77 30
0 -6 -7 1 1 1 135 102 39
0 -3 -8 1 1 1 72 53 21
0 -4 -8 1 1 1 72 53 21
0 -5 -8 1 1 1 72 53 21
0 -6 -8 1 1 1 72 53 21
0 -7 -7 1 1 1 39 30 11
0 4 -2 1 1 1 103 77 30
0 5 -3 1 1 1 72 53 21
0 5 -2 1 1 1 72 53 21
0 6 -1 1 1 1 72 53 21
0 6 0 1 1 1 72 53 21
0 6 1 1 1 1 72 53 21
0 5 -1 1 1 1 135 102 39
0 5 0 1 1 1 103 77 30
0 5 1 1 1 1 135 102 39
0 7 2 1 1 1 72 53 21
0 7 3 1 1 1 72 53 21
0 7 4 1 1 1 72 53 21
0 7 5 1 1 1 72 53 21
0 6 6 1 1 1 39 30 11
0 6 5 1 1 1 135 102 39
0 6 4 1 1 1 103 77 30
0 6 3 1 1 1 103 77 30
0 6 2 1 1 1 135 102 39