0 0 0 0.5 0.5 0.5 221 232 164
0 0.1 0 0.51 0.1 0.51 156 156 102
0.21 0 0.1 0.1 0.1 0.1 0 0 0
0.21 0 -0.1 0.1 0.1 0.1 0 0 0
0.21 0 0.2 0.1 0.1 0.09 255 255 255
0.21 0 -0.2 0.1 0.1 0.09 255 255 255
0 -.75 0 1.5 .1 1.5 95 61 94
0 .75 0 1.5 .1 1.5 95 61 94
0 -.5 .7 1 .4 .1 95 61 94
0 -.5 -.7 1 .4 .1 95 61 94
.7 -.5 0 .1 .4 1 95 61 94
-.7 -.5 0 .1 .4 1 95 61 94
0.7 .55 0 .1 .4 1.5 95 61 94
-0.7 .55 0 .1 .4 1.5 95 61 94
0 .55 0.7 1.5 .4 .1 95 61 94
0 .55 -0.7 1.5 .4 .1 95 61 94
0.6 .1 0.7 .25 .5 .1 95 61 94
0.7 .1 0.6 .1 .5 .25 95 61 94
-0.6 .1 -0.7 .25 .5 .1 95 61 94
-0.7 .1 -0.6 .1 .5 .25 95 61 94
0.6 .1 -0.7 .25 .5 .1 95 61 94
0.7 .1 -0.6 .1 .5 .25 95 61 94
-0.6 .1 0.7 .25 .5 .1 95 61 94
-0.7 .1 0.6 .1 .5 .25 95 61 94